"hash","tx-sent-time","tx-mined-block","mined-block-time","time-diff"
"0xd988dc681d5091fac6fcc6d308ca8fda2a1b0c484768bc94432920dd6d0a6417","2024-04-21T19:54:50.936Z",65,"2024-04-21T19:55:04.000Z",13064
"0xc14fc0250bc2e68544fd0b6685189f1c299bcb507c8bf1a516333e9e3138da92","2024-04-21T19:54:51.044Z",65,"2024-04-21T19:55:04.000Z",12956
"0xb7dcf4e4bb0544a94cae4c99bbeb4cf464fedb52ee80e5211448b77a7a0508f4","2024-04-21T19:54:51.133Z",65,"2024-04-21T19:55:04.000Z",12867
"0x0dc43253642bf354b69590c1a92bd1226b9307c906e5fa9f3bd6a5f23d8c1ae3","2024-04-21T19:54:51.244Z",65,"2024-04-21T19:55:04.000Z",12756
"0x51de24bae9c79f1123ed4f990acdcf95f4177700ebc8004f2e5a1aed6d2bc677","2024-04-21T19:54:51.351Z",65,"2024-04-21T19:55:04.000Z",12649
"0xd52248d2d9c8b9cbe5816d36d9da773971a15fd75cbb93f5bb703e9b3c697e8b","2024-04-21T19:54:51.444Z",65,"2024-04-21T19:55:04.000Z",12556
"0xa7b263de8b13b5c8640a22da3964af351d2f429cfa053983dfce7fc2aa240afc","2024-04-21T19:54:51.555Z",65,"2024-04-21T19:55:04.000Z",12445
"0xf5dd3fafeb4efe74d53e395c78686f5a7fd459a7d3bd85cfb4058ff03c23ceeb","2024-04-21T19:54:51.655Z",65,"2024-04-21T19:55:04.000Z",12345
"0x15429ccfb15ee118f7aa4d8e19e65e04aa213a0758b06022a5123f029a9eab45","2024-04-21T19:54:51.746Z",65,"2024-04-21T19:55:04.000Z",12254
"0x0f1fd2c8ac5abac7d8f81e37f1dcdb5f8604619cf3b47bc44a9ff62eeeaf6ba7","2024-04-21T19:54:51.854Z",65,"2024-04-21T19:55:04.000Z",12146
"0x0fb67ce3a1f5f3a1950c001b1cdf3f350d71e103cca78587ba8bfa34a427e280","2024-04-21T19:54:51.956Z",65,"2024-04-21T19:55:04.000Z",12044
"0x8c94576add4cd52f1178627f4acbb1e755c2c322ddb510c7e3b07883f1de9b86","2024-04-21T19:54:52.037Z",65,"2024-04-21T19:55:04.000Z",11963
"0xfae4bfcdb38e93f7c57cd9f7d342a0dfc176fe7d6cb6f42e8ccc8cf04273c713","2024-04-21T19:54:52.151Z",65,"2024-04-21T19:55:04.000Z",11849
"0x3a30fc41ea6c2ed23d2b72217b25a8100744ae74761c38b8947a6445ebcb7ffc","2024-04-21T19:54:52.251Z",65,"2024-04-21T19:55:04.000Z",11749
"0x1042b575e1d1e31455e43dab53cc4b703ab7fd117e4fe9b63405a3338d17c973","2024-04-21T19:54:52.342Z",65,"2024-04-21T19:55:04.000Z",11658
"0x8a5b9874554f03420591ee69ff10affba645d8f2da910fff67ed76556a65ea93","2024-04-21T19:54:52.447Z",65,"2024-04-21T19:55:04.000Z",11553
"0x42af8505e0f04a2a0b6d16c7e8b54cd59f76501892dc8b07668f331e5d31418e","2024-04-21T19:54:52.533Z",65,"2024-04-21T19:55:04.000Z",11467
"0x36881eb503dd821b07d19ccdab393c924e51f6f4ce039a86c34f40de12a18a08","2024-04-21T19:54:52.626Z",65,"2024-04-21T19:55:04.000Z",11374
"0xbbe46dbaec17ac7d851c1b7efa4b64e3ef37836e9b926d628e2dd745df39e175","2024-04-21T19:54:52.743Z",65,"2024-04-21T19:55:04.000Z",11257
"0x23c4a610d6d59d07c2483dc806b1a120f118fbb849b6959300106e1d3b112554","2024-04-21T19:54:52.878Z",65,"2024-04-21T19:55:04.000Z",11122
"0x246cc659295fd123252833b19a2cdd02b9c5e54a7642ce2b2039a3362585b083","2024-04-21T19:54:52.971Z",65,"2024-04-21T19:55:04.000Z",11029
"0x35254f72a759166abbdf1a971afccfc8191e8265f07f00a8839b188022ad783c","2024-04-21T19:54:53.056Z",65,"2024-04-21T19:55:04.000Z",10944
"0x1adc4fea75204af4c037d2db9b94c13837a7a06e60ccd947c644a700d4d59206","2024-04-21T19:54:53.164Z",65,"2024-04-21T19:55:04.000Z",10836
"0x4840f51f5f000e923d0e86885a74f414b2b3c2d511406de447276f3574d83bfb","2024-04-21T19:54:53.245Z",65,"2024-04-21T19:55:04.000Z",10755
"0xca16463ae9f3460e176ec5f75e9d1b34d999d84869b17f4f18b94776f27a4cd1","2024-04-21T19:54:53.339Z",65,"2024-04-21T19:55:04.000Z",10661
"0xbb02d0038a24598567771811c1753743df3383c3ac9d1009127a6c6c25dec262","2024-04-21T19:54:53.445Z",66,"2024-04-21T19:55:16.000Z",22555
"0xca20e27edca742e14a626dc98d2128771e0e36906dae0ad794e3c4a2b699124b","2024-04-21T19:54:53.561Z",66,"2024-04-21T19:55:16.000Z",22439
"0x358075beca17cc031cea8dd6eff9752b7d676e600bedc5fa26fabc126320b705","2024-04-21T19:54:53.650Z",66,"2024-04-21T19:55:16.000Z",22350
"0x2aaf8429bacbb90c7997e35d3b2b57370495e9aa75ef2133e97ce4fe8737643d","2024-04-21T19:54:53.754Z",66,"2024-04-21T19:55:16.000Z",22246
"0x1d12caa271ddfff544d3f8180a11ba9af51ce6d2626e64e27e38365624374ba2","2024-04-21T19:54:53.864Z",66,"2024-04-21T19:55:16.000Z",22136
"0xebbcee399635803331e26e713fa3bf44968a3c6c5f332e35ccd40566bbf58ab4","2024-04-21T19:54:53.954Z",66,"2024-04-21T19:55:16.000Z",22046
"0x54b9b035dc46a16ef8feb7e9ebfa3014cd809a8e3fdce0a350c0ad5d4421e893","2024-04-21T19:54:54.059Z",66,"2024-04-21T19:55:16.000Z",21941
"0xb9ee1570afde083794397ef8be1d803cdb551ef5e8e88570bad7c92af9f3b21f","2024-04-21T19:54:54.163Z",66,"2024-04-21T19:55:16.000Z",21837
"0x9d8776bf6c0396505bc6b71eb835f07ace43c3dc0c6f509e031fe116d0005911","2024-04-21T19:54:54.254Z",66,"2024-04-21T19:55:16.000Z",21746
"0xf94d3e4767a29955840738fc2e2682029f284a22a62dfb2546ebe99a6e1b24e7","2024-04-21T19:54:54.359Z",66,"2024-04-21T19:55:16.000Z",21641
"0x61ca9dea192e8be71d1745acbe0b65d8c9270b621874c99cbca5db85ec31073f","2024-04-21T19:54:54.460Z",66,"2024-04-21T19:55:16.000Z",21540
"0x74bf59bd26a48e37b0aaf9b074ac230a6b8d357f163ed1d8c319386a3fb52eae","2024-04-21T19:54:54.551Z",66,"2024-04-21T19:55:16.000Z",21449
"0x081ca9e5becd8fc97ad6d3f82ed3fe2506ff7e91216985171bee80247c3c73fe","2024-04-21T19:54:54.659Z",66,"2024-04-21T19:55:16.000Z",21341
"0x78bb23df952a071679f3a9e19604ed411873a6828264f58a5075784cd2b29eb4","2024-04-21T19:54:54.808Z",66,"2024-04-21T19:55:16.000Z",21192
"0x771cbd2c19cb9badcc722426d7d05dcc719f3463a2c208c8d7730938dd4f602c","2024-04-21T19:54:54.881Z",66,"2024-04-21T19:55:16.000Z",21119
"0x2dd4b21b1b6d6beb3c2ac8e1a04e5afd9d961bbb33cd8f3bcf3e7861eca36f34","2024-04-21T19:54:54.982Z",66,"2024-04-21T19:55:16.000Z",21018
"0x86e5aae37ae387ec8f357834d44724a7ab7c04c6ab39c649f23ebbc56c2dd6da","2024-04-21T19:54:55.084Z",66,"2024-04-21T19:55:16.000Z",20916
"0x8aecfa1a00a6c1abc217d5d650d0f0343d9dd30cf132f97a30a0a9af18b84848","2024-04-21T19:54:55.170Z",66,"2024-04-21T19:55:16.000Z",20830
"0xd5f6e4b7dc0a6ad0539939826bd051634ad3c5651fd31318c4d80438a929aadd","2024-04-21T19:54:55.266Z",66,"2024-04-21T19:55:16.000Z",20734
"0x897d1ca0ce7b70d2ae51862dbe2496ac44fe6716edbf1a335400c082e46d6f97","2024-04-21T19:54:55.368Z",66,"2024-04-21T19:55:16.000Z",20632
"0xf07c52012956e937f77cd00f84df4ac63dbc8407b8a9c035e9f4797aa1e0a97f","2024-04-21T19:54:55.459Z",66,"2024-04-21T19:55:16.000Z",20541
"0xa74ddb8e5d96fb8c6490a32a24ada16f31b7677592e0ab4a1243898c50f6b994","2024-04-21T19:54:55.567Z",66,"2024-04-21T19:55:16.000Z",20433
"0xd2264d21032c62969843d2fae696a0ab7cf7488cb42785651280778870019f3d","2024-04-21T19:54:55.668Z",66,"2024-04-21T19:55:16.000Z",20332
"0xf598223d562e97f4dce05572b09320ef96b91260f24ed75657c8d1130a76b4f8","2024-04-21T19:54:55.747Z",66,"2024-04-21T19:55:16.000Z",20253
"0xe320aae4cbc1b4d1b03fd1ca9c1d445c19fe2e74774d9a5f217e30ca22021047","2024-04-21T19:54:55.853Z",66,"2024-04-21T19:55:16.000Z",20147
"0x1291761ef6b777b6d20f24160abe4959440c0d6eb8bb069d5a286b7ff3bf5c8d","2024-04-21T19:54:55.958Z",66,"2024-04-21T19:55:16.000Z",20042
"0xe2736b84ed7986dd185d9dd7d38c29c97945a4fd728d6360c3411194ed8777c4","2024-04-21T19:54:56.045Z",66,"2024-04-21T19:55:16.000Z",19955
"0x9d75a42b4396180bee5660e415caa7212b01505eac0c924710ac734fb3485ba2","2024-04-21T19:54:56.155Z",66,"2024-04-21T19:55:16.000Z",19845
"0x3039153c634aa1f2d05424aeca6aff7f957bca04d1b384815532b68de94750e6","2024-04-21T19:54:56.249Z",66,"2024-04-21T19:55:16.000Z",19751
"0x03dcc50a0332149cbdb8e7b54aa4c776387c1d2beedfe62493919a7af707d8b5","2024-04-21T19:54:56.342Z",66,"2024-04-21T19:55:16.000Z",19658
"0xc927589af05b3c1138e65cea9a6d1c99a4dcf441d1b133a5459212db35f9c5aa","2024-04-21T19:54:56.446Z",66,"2024-04-21T19:55:16.000Z",19554
"0x57678c067b5fd15d1f29baf5cb99ef3fa3c1c7682a2017f1d80cf51d6df2b6d5","2024-04-21T19:54:56.551Z",66,"2024-04-21T19:55:16.000Z",19449
"0x5fa3fde2e687522ce125f4a7aaa4fbbc0090273883678f8f88a4bfaf7130627b","2024-04-21T19:54:56.699Z",66,"2024-04-21T19:55:16.000Z",19301
"0xf726fcdafe0c3c0828e9d4499e33ff8b7656d89f2205fb8d1a9974f35955c83b","2024-04-21T19:54:56.804Z",66,"2024-04-21T19:55:16.000Z",19196
"0xd65095f8ff4acc557880444048cf415e97a10fff4498aa19430fffeac1bfd9f2","2024-04-21T19:54:56.897Z",66,"2024-04-21T19:55:16.000Z",19103
"0x76d09f588ed43ae2fd4461ff3552cbea338bf76d520249caf7f67403b978a4f3","2024-04-21T19:54:56.988Z",66,"2024-04-21T19:55:16.000Z",19012
"0xa87bfeed7108fea38c224661edcf5ef050034fcf47cd4f8ce6056bed512ade62","2024-04-21T19:54:57.090Z",66,"2024-04-21T19:55:16.000Z",18910
"0xd3215f7f46e216100f81dbdea2155639aa9b307df10f9b1940595ea786d9ae03","2024-04-21T19:54:57.181Z",66,"2024-04-21T19:55:16.000Z",18819
"0xf5aedf9f6d242a4a4116f6caa19055c2e5cae4ee4a5111398ba2325b30943ac5","2024-04-21T19:54:57.289Z",66,"2024-04-21T19:55:16.000Z",18711
"0x739b2f82a28647837520fa898252d4b54bb006b2f236a7b22796ad5a7ea9dd7e","2024-04-21T19:54:57.399Z",66,"2024-04-21T19:55:16.000Z",18601
"0x82be0c486de14c7f0746403e06db650c1bdc439b830a0a9a036daaf73ca5c34b","2024-04-21T19:54:57.494Z",66,"2024-04-21T19:55:16.000Z",18506
"0x0974c2273bbe6c0bb865681bc2fa41029485a3cae7cde309fa69052886a7a06e","2024-04-21T19:54:57.595Z",66,"2024-04-21T19:55:16.000Z",18405
"0xa79663d1302c30e2b5adb8bd5a0bb38453a84cc1fd5a8311a88bcba21fb97917","2024-04-21T19:54:57.704Z",66,"2024-04-21T19:55:16.000Z",18296
"0x616435b1a3ce8cd1cf78cb88f63d1e9790bf7c606c4d38878e8a0d13a43027cb","2024-04-21T19:54:57.792Z",66,"2024-04-21T19:55:16.000Z",18208
"0x0591710090d89d788c91783587fad9731fcbaee5b019f5b07430a997ec254953","2024-04-21T19:54:57.904Z",66,"2024-04-21T19:55:16.000Z",18096
"0x83dd80f257d983f17687ea4264496aaa24c821fb210c53b44319f9155b634c0b","2024-04-21T19:54:57.997Z",66,"2024-04-21T19:55:16.000Z",18003
"0x79a65eb6d5757686e78ee98d484d37185b9a34455e3cd30393b02f9644d9153e","2024-04-21T19:54:58.091Z",66,"2024-04-21T19:55:16.000Z",17909
"0xbe5e708d0c02adab0a1c80c27608a841485a16a602a59a79b3519247ea5ff0ef","2024-04-21T19:54:58.201Z",66,"2024-04-21T19:55:16.000Z",17799
"0xa5f619013772be8fd38dd8a75a8393d914ce9f5ba880b46d3c6440d511d3633f","2024-04-21T19:54:58.309Z",66,"2024-04-21T19:55:16.000Z",17691
"0xde8046a9b7810342592c3a06c36630085227bcca7847b8405c4e613eb190d3c9","2024-04-21T19:54:58.401Z",66,"2024-04-21T19:55:16.000Z",17599
"0x42d1fecbee168ad362ece25a03d21768809e47bca28bd51696d50db067a52d34","2024-04-21T19:54:58.510Z",66,"2024-04-21T19:55:16.000Z",17490
"0x9ecc62ec4228c1fb9f6d09e5e5cf8d8ed10cd9b107059fe41cf1266ef49f879f","2024-04-21T19:54:58.623Z",66,"2024-04-21T19:55:16.000Z",17377
"0x4538c442560668a3f937f1e726ea30b83a4a20db75772fa2dda940f40b1b3ab9","2024-04-21T19:54:58.758Z",66,"2024-04-21T19:55:16.000Z",17242
"0xfaff5f70585cc31ca7b2304d25a515c6d512fc60194cba9478eb94d11763f02b","2024-04-21T19:54:58.854Z",66,"2024-04-21T19:55:16.000Z",17146
"0x5d37b3aaf5e93fed3a73f693ecf10b52001094822034efcf81266f3a98c14745","2024-04-21T19:54:58.946Z",66,"2024-04-21T19:55:16.000Z",17054
"0x4ac783378da0ccbd7ee0b71ee4df77603bcde7948f75b70a74780d8df58ca73c","2024-04-21T19:54:59.055Z",66,"2024-04-21T19:55:16.000Z",16945
"0x95f30aa0ca1716339c5fec6a94bdb56e024e34fecb905ac5da12bb72b55b6cf1","2024-04-21T19:54:59.172Z",66,"2024-04-21T19:55:16.000Z",16828
"0xa2f47c71f2c151d4846c20ca404006b394b4f23e292572c799951c2dd82637c8","2024-04-21T19:54:59.272Z",66,"2024-04-21T19:55:16.000Z",16728
"0x616048f13a3377987b4f984ccf3bb33a7d9c4abd4f43b31f64ccf5757608fd6a","2024-04-21T19:54:59.391Z",66,"2024-04-21T19:55:16.000Z",16609
"0x340bfd12a2205aa42ce0c9b19faa75349fdbfd276eb7ff16fc03a9849062c2dc","2024-04-21T19:54:59.490Z",66,"2024-04-21T19:55:16.000Z",16510
"0x70d8d40a2cba4535b3121c15e4fb2a90dab3e8917798049aabea8af84d761220","2024-04-21T19:54:59.591Z",66,"2024-04-21T19:55:16.000Z",16409
"0xc30a90fc59316a1bdda8fa8c14736d8cf56d2a589ee79318bd0a605befe06f2a","2024-04-21T19:54:59.694Z",66,"2024-04-21T19:55:16.000Z",16306
"0x63d5f08c70eaf1633a200b9a95f8b72477025a5bcd1065411128f4055912bad6","2024-04-21T19:54:59.772Z",66,"2024-04-21T19:55:16.000Z",16228
"0x2debfe02b14c1108d9f11778e502b62ce4f0075ad7b2aeb13b57be3e8757a2da","2024-04-21T19:54:59.858Z",66,"2024-04-21T19:55:16.000Z",16142
"0x02971d53e878b314c034436144ff4d553f8921131545abdd6f010e37c87e4b92","2024-04-21T19:54:59.978Z",66,"2024-04-21T19:55:16.000Z",16022
"0x768b5cb16216ce50d8315360144b6a921b0b49de32278819351572ad2b0f4fa8","2024-04-21T19:55:00.072Z",66,"2024-04-21T19:55:16.000Z",15928
"0x67eb1022f02bcb8ac95207561703ff42929e713d4e4e3a5de05ffafaf0260b0f","2024-04-21T19:55:00.178Z",66,"2024-04-21T19:55:16.000Z",15822
"0x1bf9ba8931af37069dd9f67f553f675b72aadcc021cc6f2640b5349b4522cc91","2024-04-21T19:55:00.290Z",66,"2024-04-21T19:55:16.000Z",15710
"0xf6120d59ec9d7fdde740825de9309d4951b58aaafee08fe515c34a7fbcbc99d3","2024-04-21T19:55:00.381Z",66,"2024-04-21T19:55:16.000Z",15619
"0xd251f511fc5a900273b2e0bd74ceddc2366655f65f3625c8719b302bb263df1a","2024-04-21T19:55:00.483Z",66,"2024-04-21T19:55:16.000Z",15517
"0xccbf8a6ef7e0a71767acc1b43d72d9dafa0702ed33bf12e54b9ecf7c99015148","2024-04-21T19:55:00.620Z",66,"2024-04-21T19:55:16.000Z",15380
"0x50c7e69b800b52212712f6a66c2a4cf5b8a82507851dae1023177bbbfdc7a450","2024-04-21T19:55:00.814Z",66,"2024-04-21T19:55:16.000Z",15186
"0x24db19cae016c4336f9e1ab98a1bcd45f521db6708870095db0697f5f781b12c","2024-04-21T19:55:00.933Z",66,"2024-04-21T19:55:16.000Z",15067
"0xa68f4d9a31a7c4b808b0a2012d65260ab01ce8d221e6e993e6b705f25701f85a","2024-04-21T19:55:01.030Z",66,"2024-04-21T19:55:16.000Z",14970
"0x713d16e97dfe7b43e65163695cd7fe7abb9733006a50ea3a68445f92e717ea9d","2024-04-21T19:55:01.145Z",66,"2024-04-21T19:55:16.000Z",14855